nbr	zone_color_id	x_world_grid	y_world_grid	top_z	bottom_z	zone_name	coords?[0]	coords?[1]	coords?[2]	coords?[3]	coords?[4]	coords?[5]	unk02	map	dupa
0	0	0	0	30000.00000000	-30000.00000000	a,Neutral Waterways\0	-1	-1	-1	-1	-1	-1	0.00000000	a,	0
1	1	0	0	30000.00000000	-30000.00000000	a,Talking Island\0	-1	-1	-1	-1	-1	-1	0.00000000	a,	0
2	2	0	0	30000.00000000	-30000.00000000	a,Gludio Territory\0	-1	-1	-1	-1	-1	-1	0.00000000	a,	0
3	3	0	0	30000.00000000	-30000.00000000	a,Dion Territory\0	-1	-1	-1	-1	-1	-1	0.00000000	a,	0
4	4	0	0	30000.00000000	-30000.00000000	a,Giran Territory\0	-1	-1	-1	-1	-1	-1	0.00000000	a,	0
5	5	0	0	30000.00000000	-30000.00000000	a,The Dark Forest\0	-1	-1	-1	-1	-1	-1	0.00000000	a,	0
6	6	0	0	30000.00000000	-30000.00000000	a,Elven Forest\0	-1	-1	-1	-1	-1	-1	0.00000000	a,	0
7	7	0	0	30000.00000000	-30000.00000000	a,Oren Territory\0	-1	-1	-1	-1	-1	-1	0.00000000	a,	0
8	8	0	0	30000.00000000	-30000.00000000	a,Aden Territory\0	-1	-1	-1	-1	-1	-1	0.00000000	a,	0
9	9	0	0	30000.00000000	-30000.00000000	a,Innadril Territory\0	-1	-1	-1	-1	-1	-1	0.00000000	a,	0
10	10	0	0	30000.00000000	-30000.00000000	a,Misty Mountains\0	-1	-1	-1	-1	-1	-1	0.00000000	a,	0
11	11	0	0	30000.00000000	-30000.00000000	a,The Neutral Zone\0	-1	-1	-1	-1	-1	-1	0.00000000	a,	0
12	12	0	0	30000.00000000	-30000.00000000	a,Dragon Valley\0	-1	-1	-1	-1	-1	-1	0.00000000	a,	0
13	13	0	0	30000.00000000	-30000.00000000	a,_Lyonn Territory\0	-1	-1	-1	-1	-1	-1	0.00000000	a,	0
14	14	0	0	30000.00000000	-30000.00000000	a,Schuttgart Territory\0	-1	-1	-1	-1	-1	-1	0.00000000	a,	0
15	15	0	0	30000.00000000	-30000.00000000	a,Wasteland\0	-1	-1	-1	-1	-1	-1	0.00000000	a,	0
16	252	18	21	30000.00000000	-30000.00000000	a,Fellmere Lake\0	-1	-1	-1	-1	-1	-1	0.00000000	a,	0
17	254	19	23	-4400.00000000	-7520.00000000	a,The Ant Nest\0	-1	-1	-1	-1	-1	-1	0.00000000	a,	0
18	251	17	22	30000.00000000	-30000.00000000	a,Gludin Arena\0	-1	-1	-1	-1	-1	-1	0.00000000	a,	0
19	254	19	21	30000.00000000	-30000.00000000	a,Gludio Castle\0	-1	-1	-1	-1	-1	-1	0.00000000	a,	0
20	255	19	21	30000.00000000	-30000.00000000	a,Town of Gludio\0	756	1932	-19968	117504	1024	1024	0.05000000	a,map_gludio_castle_town\0	0
21	255	17	22	30000.00000000	-30000.00000000	a,Gludin Village\0	433	2079	-89344	145792	1024	1024	0.05000000	a,map_gludin_village\0	0
22	254	17	22	30000.00000000	-30000.00000000	a,Gludin Harbor\0	-1	-1	-1	-1	-1	-1	0.00000000	a,	0
23	255	18	24	30000.00000000	-4200.00000000	a,Langk Lizardmen Dwellings\0	-1	-1	-1	-1	-1	-1	0.00000000	a,	0
24	253	18	23	30000.00000000	-3700.00000000	a,Red Rock Ridge\0	-1	-1	-1	-1	-1	-1	0.00000000	a,	0
25	253	19	21	30000.00000000	-30000.00000000	a,Maille Lizardmen Barracks\0	-1	-1	-1	-1	-1	-1	0.00000000	a,	0
26	253	17	20	30000.00000000	-4200.00000000	a,Windy Hill\0	-1	-1	-1	-1	-1	-1	0.00000000	a,	0
27	255	18	21	30000.00000000	-30000.00000000	a,Ruins of Agony\0	-1	-1	-1	-1	-1	-1	0.00000000	a,	0
28	254	18	23	-3760.00000000	-5632.00000000	a,Forgotten Temple\0	-1	-1	-1	-1	-1	-1	0.00000000	a,	0
29	255	19	22	30000.00000000	-30000.00000000	a,Ruins of Despair\0	-1	-1	-1	-1	-1	-1	0.00000000	a,	0
30	255	17	21	30000.00000000	-30000.00000000	a,Orc Barracks\0	-1	-1	-1	-1	-1	-1	0.00000000	a,	0
31	255	18	22	30000.00000000	-30000.00000000	a,Abandoned Camp\0	-1	-1	-1	-1	-1	-1	0.00000000	a,	0
32	255	21	25	-4874.00000000	-6874.00000000	a,Elven Ruins\0	270	2485	34830	235950	1024	1024	0.05000000	a,dungeon_map_elven_ruin\0	0
33	255	16	25	30000.00000000	-30000.00000000	a,Elven Ruins\0	-1	-1	-1	-1	-1	-1	0.00000000	a,	0
34	255	21	25	30000.00000000	-6873.00000000	a,Neutral Waterways\0	-1	-1	-1	-1	-1	-1	0.00000000	a,	0
35	255	17	25	30000.00000000	-30000.00000000	a,Talking Island Village\0	406	2536	-90624	236416	1024	1024	0.05000000	a,map_talkin_island_village\0	0
36	253	17	25	30000.00000000	-30000.00000000	a,Cedric's Training Hall\0	-1	-1	-1	-1	-1	-1	0.00000000	a,	0
37	254	17	25	30000.00000000	-30000.00000000	a,Einhovant's School of Magic\0	-1	-1	-1	-1	-1	-1	0.00000000	a,	0
38	253	16	25	30000.00000000	-30000.00000000	a,Obelisk of Victory\0	-1	-1	-1	-1	-1	-1	0.00000000	a,	0
39	254	16	25	30000.00000000	-30000.00000000	a,Singing Waterfall\0	-1	-1	-1	-1	-1	-1	0.00000000	a,	0
40	252	17	25	30000.00000000	-30000.00000000	a,Talking Island Harbor\0	-1	-1	-1	-1	-1	-1	0.00000000	a,	0
41	253	22	22	30000.00000000	-30000.00000000	a,Giran Arena\0	-1	-1	-1	-1	-1	-1	0.00000000	a,	0
42	255	23	22	30000.00000000	-30000.00000000	a,Giran Castle\0	-1	-1	-1	-1	-1	-1	0.00000000	a,	0
43	255	22	22	30000.00000000	-30000.00000000	a,Town of Giran\0	1244	2053	73536	140032	1024	1024	0.05000000	a,map_giran_castle_town\0	0
44	255	21	23	30000.00000000	-30000.00000000	a,Giran Harbor\0	-1	-1	-1	-1	-1	-1	0.00000000	a,	0
45	255	24	21	30000.00000000	-30000.00000000	a,Antharas' Lair\0	-1	-1	-1	-1	-1	-1	0.00000000	a,	0
46	251	22	21	30000.00000000	-30000.00000000	a,Death Pass\0	-1	-1	-1	-1	-1	-1	0.00000000	a,	0
47	254	20	22	30000.00000000	-30000.00000000	a,Dion Castle\0	-1	-1	-1	-1	-1	-1	0.00000000	a,	0
48	255	20	22	30000.00000000	-30000.00000000	a,Town of Dion\0	927	2042	11840	138432	1024	1024	0.05000000	a,map_dion_castle_town\0	0
49	252	20	23	30000.00000000	-30000.00000000	a,Monster Race Track\0	-1	-1	-1	-1	-1	-1	0.00000000	a,	0
50	255	21	21	30000.00000000	-30000.00000000	a,Partisan's Hideaway\0	-1	-1	-1	-1	-1	-1	0.00000000	a,	0
51	255	21	22	30000.00000000	-30000.00000000	a,Execution Grounds\0	-1	-1	-1	-1	-1	-1	0.00000000	a,	0
52	253	20	21	30000.00000000	-4407.00000000	a,Cruma Marshlands\0	-1	-1	-1	-1	-1	-1	0.00000000	a,	0
53	255	20	21	30000.00000000	-30000.00000000	a,Cruma Marshlands\0	-1	-1	-1	-1	-1	-1	0.00000000	a,	0
54	254	20	21	30000.00000000	-4407.00000000	a,Cruma Tower\0	-1	-1	-1	-1	-1	-1	0.00000000	a,	0
55	253	20	21	-4408.00000000	-14036.00000000	a,Cruma Tower\0	-1	-1	-1	-1	-1	-1	0.00000000	a,	0
56	254	20	21	-4408.00000000	-30000.00000000	a,Cruma Tower\0	-1	-1	-1	-1	-1	-1	0.00000000	a,	0
57	254	21	22	30000.00000000	-30000.00000000	a,Tanor Canyon\0	-1	-1	-1	-1	-1	-1	0.00000000	a,	0
58	255	20	23	30000.00000000	-30000.00000000	a,Floran Village\0	903	2156	11840	165120	1024	1024	0.05000000	a,map_floran_village\0	0
59	253	20	23	30000.00000000	-30000.00000000	a,Bee Hive\0	-1	-1	-1	-1	-1	-1	0.00000000	a,	0
60	255	20	14	-1952.00000000	-3952.00000000	a,Cave of Trials\0	909	765	7400	-124192	1024	1024	0.05000000	a,dungeon_map_dungeon_of_trial\0	0
61	255	20	13	30000.00000000	-30000.00000000	a,Frozen Waterfalls\0	-1	-1	-1	-1	-1	-1	0.00000000	a,	0
62	255	18	14	30000.00000000	-30000.00000000	a,Orc Village\0	602	743	-52736	-120832	1024	1024	0.05000000	a,map_orc_village\0	0
63	254	18	14	30000.00000000	-30000.00000000	a,The Pa'agrio Temple\0	-1	-1	-1	-1	-1	-1	0.00000000	a,	0
64	254	23	12	30000.00000000	-30000.00000000	a,Dwarven Village\0	1417	401	110144	-187968	1024	1024	0.05000000	a,map_dwarven_village\0	0
65	255	25	12	4224.00000000	-4810.00000000	a,Mithril Mines\0	-1	-1	-1	-1	-1	-1	0.00000000	a,	0
66	255	24	12	3424.00000000	-2704.00000000	a,Abandoned Coal Mines\0	1552	453	134800	-182650	1024	1024	0.05000000	a,dungeon_map_abaodoned_mime\0	0
67	255	23	12	30000.00000000	-30000.00000000	a,Strip Mine\0	-1	-1	-1	-1	-1	-1	0.00000000	a,	0
68	255	24	20	30000.00000000	-30000.00000000	a,The Forest of Mirrors\0	-1	-1	-1	-1	-1	-1	0.00000000	a,	0
69	255	25	19	30000.00000000	-30000.00000000	a,The Giant's Cave\0	-1	-1	-1	-1	-1	-1	0.00000000	a,	0
70	254	25	19	-5172.00000000	-30000.00000000	a,Silent Valley\0	-1	-1	-1	-1	-1	-1	0.00000000	a,	0
71	255	25	18	30000.00000000	-30000.00000000	a,The Cemetery\0	-1	-1	-1	-1	-1	-1	0.00000000	a,	0
72	255	24	19	30000.00000000	-30000.00000000	a,Narsell Lake\0	-1	-1	-1	-1	-1	-1	0.00000000	a,	0
73	253	25	19	30000.00000000	-30000.00000000	a,Forsaken Plains\0	-1	-1	-1	-1	-1	-1	0.00000000	a,	0
74	255	23	20	30000.00000000	-30000.00000000	a,Hunters Village\0	1424	1706	111104	70016	1024	1024	0.05000000	a,map_hunters_village\0	0
75	254	25	18	30000.00000000	-30000.00000000	a,The Forbidden Gateway\0	-1	-1	-1	-1	-1	-1	0.00000000	a,	0
76	254	24	18	30000.00000000	-30000.00000000	a,Aden Castle\0	-1	-1	-1	-1	-1	-1	0.00000000	a,	0
77	255	24	18	30000.00000000	-30000.00000000	a,Town of Aden\0	1574	1446	139264	16384	1024	1024	0.05000000	a,map_town_of_aden\0	0
78	254	25	20	30000.00000000	-30000.00000000	a,Anghel Waterfall\0	-1	-1	-1	-1	-1	-1	0.00000000	a,	0
79	251	23	18	6944.00000000	5952.00000000	a,Tower of Insolence: 10th Floor\0	-1	-1	-1	-1	-1	-1	0.00000000	a,	0
80	251	23	18	7952.00000000	6976.00000000	a,Tower of Insolence: 11th Floor\0	-1	-1	-1	-1	-1	-1	0.00000000	a,	0
81	251	23	18	8960.00000000	7968.00000000	a,Tower of Insolence: 12th Floor\0	-1	-1	-1	-1	-1	-1	0.00000000	a,	0
82	251	23	18	10048.00000000	8976.00000000	a,Tower of Insolence: 13th Floor\0	-1	-1	-1	-1	-1	-1	0.00000000	a,	0
83	251	23	18	12000.00000000	10064.00000000	a,Tower of Insolence: 14th Floor\0	-1	-1	-1	-1	-1	-1	0.00000000	a,	0
84	251	23	18	-3728.00000000	-10000.00000000	a,Tower of Insolence: 1st Floor\0	-1	-1	-1	-1	-1	-1	0.00000000	a,	0
85	251	23	18	-2192.00000000	-3680.00000000	a,Tower of Insolence: 2nd Floor\0	-1	-1	-1	-1	-1	-1	0.00000000	a,	0
86	251	23	18	-704.00000000	-2128.00000000	a,Tower of Insolence: 3rd Floor\0	-1	-1	-1	-1	-1	-1	0.00000000	a,	0
87	251	23	18	784.00000000	-688.00000000	a,Tower of Insolence: 4th Floor\0	-1	-1	-1	-1	-1	-1	0.00000000	a,	0
88	251	23	18	1872.00000000	896.00000000	a,Tower of Insolence: 5th Floor\0	-1	-1	-1	-1	-1	-1	0.00000000	a,	0
89	251	23	18	2912.00000000	1888.00000000	a,Tower of Insolence: 6th Floor\0	-1	-1	-1	-1	-1	-1	0.00000000	a,	0
90	251	23	18	3920.00000000	2928.00000000	a,Tower of Insolence: 7th Floor\0	-1	-1	-1	-1	-1	-1	0.00000000	a,	0
91	251	23	18	4928.00000000	3952.00000000	a,Tower of Insolence: 8th Floor\0	-1	-1	-1	-1	-1	-1	0.00000000	a,	0
92	251	23	18	5936.00000000	4944.00000000	a,Tower of Insolence: 9th Floor\0	-1	-1	-1	-1	-1	-1	0.00000000	a,	0
93	254	24	19	30000.00000000	-30000.00000000	a,Coliseum\0	-1	-1	-1	-1	-1	-1	0.00000000	a,	0
94	255	25	17	30000.00000000	-4220.00000000	a,Devastated Castle\0	-1	-1	-1	-1	-1	-1	0.00000000	a,	0
95	255	24	17	30000.00000000	-30000.00000000	a,Blazing Swamp\0	-1	-1	-1	-1	-1	-1	0.00000000	a,	0
96	254	23	17	30000.00000000	-30000.00000000	a,Ancient Battleground\0	-1	-1	-1	-1	-1	-1	0.00000000	a,	0
97	253	23	17	30000.00000000	-30000.00000000	a,Eastern Border Outpost\0	-1	-1	-1	-1	-1	-1	0.00000000	a,	0
98	255	22	17	30000.00000000	-30000.00000000	a,Bandit Stronghold\0	-1	-1	-1	-1	-1	-1	0.00000000	a,	0
99	255	22	18	30000.00000000	-4632.00000000	a,Ivory Tower\0	-1	-1	-1	-1	-1	-1	0.00000000	a,	0
100	254	22	19	30000.00000000	-30000.00000000	a,Oren Castle\0	-1	-1	-1	-1	-1	-1	0.00000000	a,	0
101	255	22	19	30000.00000000	-30000.00000000	a,Town of Oren\0	1250	1595	75136	48768	1024	1024	0.05000000	a,map_town_of_oren\0	0
102	254	22	20	30000.00000000	-3900.00000000	a,Plains of the Lizardmen\0	-1	-1	-1	-1	-1	-1	0.00000000	a,	0
103	255	23	19	30000.00000000	-30000.00000000	a,The Enchanted Valley\0	-1	-1	-1	-1	-1	-1	0.00000000	a,	0
104	255	21	18	30000.00000000	-30000.00000000	a,Sea of Spores\0	-1	-1	-1	-1	-1	-1	0.00000000	a,	0
105	253	22	19	30000.00000000	-30000.00000000	a,Sel Mahum Training Grounds\0	-1	-1	-1	-1	-1	-1	0.00000000	a,	0
106	255	19	19	30000.00000000	-30000.00000000	a,Swampland\0	-1	-1	-1	-1	-1	-1	0.00000000	a,	0
107	255	20	18	30000.00000000	-30000.00000000	a,Dark Elf Village\0	885	1394	768	9344	1024	1024	0.05000000	a,map_dark_elven_village\0	0
108	254	20	18	30000.00000000	-30000.00000000	a,The Shilen Temple\0	-1	-1	-1	-1	-1	-1	0.00000000	a,	0
109	255	18	20	30000.00000000	-4000.00000000	a,Altar of Rites\0	-1	-1	-1	-1	-1	-1	0.00000000	a,	0
110	255	18	19	30000.00000000	-30000.00000000	a,School of Dark Arts\0	608	1572	-57500	39808	1024	1024	0.05000000	a,dungeon_map_black_magic_laboratory\0	0
111	254	21	19	30000.00000000	-30000.00000000	a,Shadow of the Mother Tree\0	-1	-1	-1	-1	-1	-1	0.00000000	a,	0
112	255	21	20	30000.00000000	-30000.00000000	a,Iris Lake\0	-1	-1	-1	-1	-1	-1	0.00000000	a,	0
113	255	21	19	30000.00000000	-30000.00000000	a,Elven Village\0	1071	1568	39168	42688	1024	1024	0.05000000	a,map_elven_village\0	0
114	255	20	20	-3200.00000000	-4450.00000000	a,Elven Fortress\0	958	1687	8320	68086	1024	1024	0.05000000	a,dungeon_map_elven_underground_fortress\0	0
115	253	21	19	30000.00000000	-30000.00000000	a,Starlight Waterfall\0	-1	-1	-1	-1	-1	-1	0.00000000	a,	0
116	255	22	23	30000.00000000	-30000.00000000	a,Field of Silence\0	-1	-1	-1	-1	-1	-1	0.00000000	a,	0
117	255	22	24	30000.00000000	-30000.00000000	a,Field of Whispers\0	-1	-1	-1	-1	-1	-1	0.00000000	a,	0
118	255	23	24	30000.00000000	-30000.00000000	a,Heine\0	1391	2436	101504	212608	1024	1024	0.05000000	a,map_heine\0	0
119	255	21	24	30000.00000000	-30000.00000000	a,Devil's Isle\0	-1	-1	-1	-1	-1	-1	0.00000000	a,	0
120	255	23	23	30000.00000000	-30000.00000000	a,Alligator Island\0	-1	-1	-1	-1	-1	-1	0.00000000	a,	0
121	255	22	25	30000.00000000	-30000.00000000	a,Garden of Eva\0	-1	-1	-1	-1	-1	-1	0.00000000	a,	0
122	254	23	24	30000.00000000	-30000.00000000	a,Tour Boat Dock\0	-1	-1	-1	-1	-1	-1	0.00000000	a,	0
123	255	23	25	30000.00000000	-30000.00000000	a,Innadril Castle\0	-1	-1	-1	-1	-1	-1	0.00000000	a,	0
124	254	21	24	30000.00000000	-30000.00000000	a,Pirate Tunnel\0	-1	-1	-1	-1	-1	-1	0.00000000	a,	0
125	249	17	21	-3968.00000000	-5056.00000000	a,Oracle of Dawn\0	-1	-1	-1	-1	-1	-1	0.00000000	a,	0
126	249	17	20	-4224.00000000	-5312.00000000	a,Oracle of Dusk\0	-1	-1	-1	-1	-1	-1	0.00000000	a,	0
127	249	18	20	-4064.00000000	-4896.00000000	a,Necropolis of Devotion\0	-1	-1	-1	-1	-1	-1	0.00000000	a,	0
128	249	18	24	-4282.00000000	-5242.00000000	a,Necropolis of Sacrifice\0	-1	-1	-1	-1	-1	-1	0.00000000	a,	0
129	249	19	18	-4224.00000000	-5056.00000000	a,Catacomb of Dark Omens\0	-1	-1	-1	-1	-1	-1	0.00000000	a,	0
130	249	19	20	-4496.00000000	-5328.00000000	a,The Patriot's Necropolis\0	-1	-1	-1	-1	-1	-1	0.00000000	a,	0
131	249	21	21	-4736.00000000	-5568.00000000	a,The Pilgrim's Necropolis\0	-1	-1	-1	-1	-1	-1	0.00000000	a,	0
132	249	21	22	-4704.00000000	-5536.00000000	a,Catacomb of the Heretic\0	-1	-1	-1	-1	-1	-1	0.00000000	a,	0
133	249	21	23	-4304.00000000	-5136.00000000	a,Catacomb of the Branded\0	-1	-1	-1	-1	-1	-1	0.00000000	a,	0
134	249	22	20	-3936.00000000	-5280.00000000	a,Catacomb of the Apostate\0	-1	-1	-1	-1	-1	-1	0.00000000	a,	0
135	249	22	24	-4762.00000000	-5594.00000000	a,The Saint's Necropolis\0	-1	-1	-1	-1	-1	-1	0.00000000	a,	0
136	249	23	20	-5352.00000000	-6696.00000000	a,Catacomb of the Forbidden Path\0	-1	-1	-1	-1	-1	-1	0.00000000	a,	0
137	249	23	22	-4154.00000000	-4986.00000000	a,Necropolis of Martyrdom\0	-1	-1	-1	-1	-1	-1	0.00000000	a,	0
138	249	23	23	-4762.00000000	-5594.00000000	a,Necropolis of Worship\0	-1	-1	-1	-1	-1	-1	0.00000000	a,	0
139	249	24	20	-3984.00000000	-5584.00000000	a,Catacomb of the Witch\0	-1	-1	-1	-1	-1	-1	0.00000000	a,	0
140	249	25	17	-4224.00000000	-5644.00000000	a,The Disciple's Necropolis\0	-1	-1	-1	-1	-1	-1	0.00000000	a,	0
141	255	16	10	30000.00000000	-30000.00000000	a,GM Consultation Service\0	-1	-1	-1	-1	-1	-1	0.00000000	a,	0
142	255	18	24	-4282.00000000	-5242.00000000	a,Necropolis of Sacrifice\0	-1	-1	-1	-1	-1	-1	0.00000000	a,	0
143	253	17	20	-4224.00000000	-5312.00000000	a,Oracle of Dusk\0	-1	-1	-1	-1	-1	-1	0.00000000	a,	0
144	249	17	20	30000.00000000	-4220.00000000	a,Gludio Territory\0	-1	-1	-1	-1	-1	-1	0.00000000	a,	0
145	250	17	20	-4224.00000000	-5312.00000000	a,Oracle of Dusk\0	-1	-1	-1	-1	-1	-1	0.00000000	a,	0
146	250	17	20	30000.00000000	-4220.00000000	a,The Dark Forest\0	-1	-1	-1	-1	-1	-1	0.00000000	a,	0
147	252	18	22	30000.00000000	-30000.00000000	a,Fellmere Lake\0	-1	-1	-1	-1	-1	-1	0.00000000	a,	0
148	252	17	22	30000.00000000	-30000.00000000	a,Fellmere Lake\0	-1	-1	-1	-1	-1	-1	0.00000000	a,	0
149	255	19	24	30000.00000000	-4200.00000000	a,Langk Lizardmen Dwellings\0	-1	-1	-1	-1	-1	-1	0.00000000	a,	0
150	253	18	24	30000.00000000	-30000.00000000	a,Red Rock Ridge\0	-1	-1	-1	-1	-1	-1	0.00000000	a,	0
151	253	19	24	30000.00000000	-30000.00000000	a,Red Rock Ridge\0	-1	-1	-1	-1	-1	-1	0.00000000	a,	0
152	253	18	23	-3760.00000000	-5632.00000000	a,Forgotten Temple\0	-1	-1	-1	-1	-1	-1	0.00000000	a,	0
153	254	21	23	30000.00000000	-30000.00000000	a,Tanor Canyon\0	-1	-1	-1	-1	-1	-1	0.00000000	a,	0
154	254	22	22	30000.00000000	-30000.00000000	a,Tanor Canyon\0	-1	-1	-1	-1	-1	-1	0.00000000	a,	0
155	253	21	23	30000.00000000	-30000.00000000	a,Bee Hive\0	-1	-1	-1	-1	-1	-1	0.00000000	a,	0
156	254	23	18	30000.00000000	-30000.00000000	a,Ancient Battleground\0	-1	-1	-1	-1	-1	-1	0.00000000	a,	0
157	249	18	24	30000.00000000	-4200.00000000	a,Red Rock Ridge\0	-1	-1	-1	-1	-1	-1	0.00000000	a,	0
158	249	22	20	30000.00000000	-3900.00000000	a,Oren Territory\0	-1	-1	-1	-1	-1	-1	0.00000000	a,	0
159	254	22	20	-3936.00000000	-5280.00000000	a,Catacomb of the Apostate\0	-1	-1	-1	-1	-1	-1	0.00000000	a,	0
160	249	17	21	30000.00000000	-3950.00000000	a,Gludio Territory\0	-1	-1	-1	-1	-1	-1	0.00000000	a,	0
161	249	18	20	30000.00000000	-4000.00000000	a,The Dark Forest\0	-1	-1	-1	-1	-1	-1	0.00000000	a,	0
162	255	18	20	-4064.00000000	-4896.00000000	a,Necropolis of Devotion\0	-1	-1	-1	-1	-1	-1	0.00000000	a,	0
163	250	18	20	30000.00000000	-4000.00000000	a,Misty Mountains\0	-1	-1	-1	-1	-1	-1	0.00000000	a,	0
164	250	18	20	-4064.00000000	-4896.00000000	a,Necropolis of Devotion\0	-1	-1	-1	-1	-1	-1	0.00000000	a,	0
165	250	19	20	-4496.00000000	-5328.00000000	a,The Patriot's Necropolis\0	-1	-1	-1	-1	-1	-1	0.00000000	a,	0
166	249	19	20	30000.00000000	-4480.00000000	a,The Dark Forest\0	-1	-1	-1	-1	-1	-1	0.00000000	a,	0
167	250	19	20	30000.00000000	-4480.00000000	a,The Neutral Zone\0	-1	-1	-1	-1	-1	-1	0.00000000	a,	0
168	249	19	18	30000.00000000	-4220.00000000	a,The Dark Forest\0	-1	-1	-1	-1	-1	-1	0.00000000	a,	0
169	249	21	21	30000.00000000	-4700.00000000	a,Partisan's Hideaway\0	-1	-1	-1	-1	-1	-1	0.00000000	a,	0
170	249	21	22	30000.00000000	-4700.00000000	a,Execution Grounds\0	-1	-1	-1	-1	-1	-1	0.00000000	a,	0
171	249	21	23	30000.00000000	-4300.00000000	a,Giran Territory\0	-1	-1	-1	-1	-1	-1	0.00000000	a,	0
172	249	22	24	30000.00000000	-4760.00000000	a,Field of Whispers\0	-1	-1	-1	-1	-1	-1	0.00000000	a,	0
173	249	23	20	30000.00000000	-5350.00000000	a,Hunters Village\0	-1	-1	-1	-1	-1	-1	0.00000000	a,	0
174	249	23	22	30000.00000000	-4150.00000000	a,Gorgon Flower Garden\0	-1	-1	-1	-1	-1	-1	0.00000000	a,	0
175	249	23	23	30000.00000000	-4760.00000000	a,Alligator Island\0	-1	-1	-1	-1	-1	-1	0.00000000	a,	0
176	249	24	20	30000.00000000	-3980.00000000	a,The Forest of Mirrors\0	-1	-1	-1	-1	-1	-1	0.00000000	a,	0
177	255	25	17	-4224.00000000	-5644.00000000	a,The Disciple's Necropolis\0	-1	-1	-1	-1	-1	-1	0.00000000	a,	0
178	255	25	21	30000.00000000	-30000.00000000	a,Antharas' Nest\0	-1	-1	-1	-1	-1	-1	0.00000000	a,	0
179	254	19	23	30000.00000000	-4400.00000000	a,Wasteland\0	-1	-1	-1	-1	-1	-1	0.00000000	a,	0
180	255	20	14	30000.00000000	29999.00000000	a,_Lyonn Territory\0	-1	-1	-1	-1	-1	-1	0.00000000	a,	0
181	255	20	20	30000.00000000	-3100.00000000	a,Elven Forest\0	-1	-1	-1	-1	-1	-1	0.00000000	a,	0
182	254	18	23	30000.00000000	-3700.00000000	a,Gludio Territory\0	-1	-1	-1	-1	-1	-1	0.00000000	a,	0
183	255	24	12	30000.00000000	3430.00000000	a,Schuttgart Territory\0	-1	-1	-1	-1	-1	-1	0.00000000	a,	0
184	255	25	12	30000.00000000	4250.00000000	a,Schuttgart Territory\0	-1	-1	-1	-1	-1	-1	0.00000000	a,	0
185	254	25	19	30000.00000000	-5170.00000000	a,The Giant's Cave\0	-1	-1	-1	-1	-1	-1	0.00000000	a,	0
186	254	19	19	30000.00000000	-30000.00000000	a,Undine Waterfall\0	-1	-1	-1	-1	-1	-1	0.00000000	a,	0
187	254	22	18	30000.00000000	-30000.00000000	a,The Gods' Falls\0	-1	-1	-1	-1	-1	-1	0.00000000	a,	0
188	249	25	17	30000.00000000	-4220.00000000	a,Fields of Massacre\0	-1	-1	-1	-1	-1	-1	0.00000000	a,	0
189	244	19	13	30000.00000000	-30000.00000000	a,Immortal Plateau, Northern Region\0	-1	-1	-1	-1	-1	-1	0.00000000	a,	0
190	244	19	14	30000.00000000	-30000.00000000	a,Immortal Plateau, Northern Region\0	-1	-1	-1	-1	-1	-1	0.00000000	a,	0
191	244	19	15	30000.00000000	-30000.00000000	a,Immortal Plateau, Northern Region\0	-1	-1	-1	-1	-1	-1	0.00000000	a,	0
192	244	20	13	30000.00000000	-30000.00000000	a,Immortal Plateau, Northern Region\0	-1	-1	-1	-1	-1	-1	0.00000000	a,	0
193	244	20	14	30000.00000000	-30000.00000000	a,Immortal Plateau, Northern Region\0	-1	-1	-1	-1	-1	-1	0.00000000	a,	0
194	245	19	15	30000.00000000	-30000.00000000	a,Immortal Plateau, Southern Region\0	-1	-1	-1	-1	-1	-1	0.00000000	a,	0
195	245	20	14	30000.00000000	-30000.00000000	a,Immortal Plateau, Southern Region\0	-1	-1	-1	-1	-1	-1	0.00000000	a,	0
196	245	20	15	30000.00000000	-30000.00000000	a,Immortal Plateau, Southern Region\0	-1	-1	-1	-1	-1	-1	0.00000000	a,	0
197	243	18	14	30000.00000000	-30000.00000000	a,Valley of Heroes\0	-1	-1	-1	-1	-1	-1	0.00000000	a,	0
198	243	19	14	30000.00000000	-30000.00000000	a,Valley of Heroes\0	-1	-1	-1	-1	-1	-1	0.00000000	a,	0
199	243	23	12	30000.00000000	-30000.00000000	a,Frozen Valley\0	-1	-1	-1	-1	-1	-1	0.00000000	a,	0
200	244	23	11	30000.00000000	-30000.00000000	a,Western Mining Zone\0	-1	-1	-1	-1	-1	-1	0.00000000	a,	0
201	244	23	12	30000.00000000	-30000.00000000	a,Western Mining Zone\0	-1	-1	-1	-1	-1	-1	0.00000000	a,	0
202	244	24	11	30000.00000000	-30000.00000000	a,Western Mining Zone\0	-1	-1	-1	-1	-1	-1	0.00000000	a,	0
203	244	24	12	30000.00000000	-30000.00000000	a,Western Mining Zone\0	-1	-1	-1	-1	-1	-1	0.00000000	a,	0
204	245	24	11	30000.00000000	-30000.00000000	a,Eastern Mining Zone\0	-1	-1	-1	-1	-1	-1	0.00000000	a,	0
205	245	24	12	30000.00000000	-30000.00000000	a,Eastern Mining Zone\0	-1	-1	-1	-1	-1	-1	0.00000000	a,	0
206	245	25	11	30000.00000000	-30000.00000000	a,Eastern Mining Zone\0	-1	-1	-1	-1	-1	-1	0.00000000	a,	0
207	245	25	12	30000.00000000	-30000.00000000	a,Eastern Mining Zone\0	-1	-1	-1	-1	-1	-1	0.00000000	a,	0
208	244	23	24	30000.00000000	-30000.00000000	a,Alligator Beach\0	-1	-1	-1	-1	-1	-1	0.00000000	a,	0
209	244	24	18	30000.00000000	-30000.00000000	a,Plains of Glory\0	-1	-1	-1	-1	-1	-1	0.00000000	a,	0
210	243	24	17	30000.00000000	-30000.00000000	a,Fields of Massacre\0	-1	-1	-1	-1	-1	-1	0.00000000	a,	0
211	243	25	17	30000.00000000	-30000.00000000	a,Fields of Massacre\0	-1	-1	-1	-1	-1	-1	0.00000000	a,	0
212	245	24	18	30000.00000000	-30000.00000000	a,War-Torn Plains\0	-1	-1	-1	-1	-1	-1	0.00000000	a,	0
213	245	25	18	30000.00000000	-30000.00000000	a,War-Torn Plains\0	-1	-1	-1	-1	-1	-1	0.00000000	a,	0
214	244	23	21	30000.00000000	-30000.00000000	a,Gorgon Flower Garden\0	-1	-1	-1	-1	-1	-1	0.00000000	a,	0
215	244	23	22	30000.00000000	-30000.00000000	a,Gorgon Flower Garden\0	-1	-1	-1	-1	-1	-1	0.00000000	a,	0
216	245	22	21	30000.00000000	-30000.00000000	a,Breka's Stronghold\0	-1	-1	-1	-1	-1	-1	0.00000000	a,	0
217	245	22	22	30000.00000000	-30000.00000000	a,Breka's Stronghold\0	-1	-1	-1	-1	-1	-1	0.00000000	a,	0
218	244	17	20	30000.00000000	-30000.00000000	a,Spider Nest\0	-1	-1	-1	-1	-1	-1	0.00000000	a,	0
219	244	18	20	30000.00000000	-30000.00000000	a,Spider Nest\0	-1	-1	-1	-1	-1	-1	0.00000000	a,	0
220	251	18	19	30000.00000000	-30000.00000000	a,Black Rock Hill\0	-1	-1	-1	-1	-1	-1	0.00000000	a,	0
221	251	18	20	30000.00000000	-30000.00000000	a,Black Rock Hill\0	-1	-1	-1	-1	-1	-1	0.00000000	a,	0
222	251	19	19	30000.00000000	-30000.00000000	a,Black Rock Hill\0	-1	-1	-1	-1	-1	-1	0.00000000	a,	0
223	251	19	20	30000.00000000	-30000.00000000	a,Black Rock Hill\0	-1	-1	-1	-1	-1	-1	0.00000000	a,	0
224	244	19	18	30000.00000000	-30000.00000000	a,Shilen's Garden\0	-1	-1	-1	-1	-1	-1	0.00000000	a,	0
225	244	20	18	30000.00000000	-30000.00000000	a,Shilen's Garden\0	-1	-1	-1	-1	-1	-1	0.00000000	a,	0
226	244	21	18	30000.00000000	-30000.00000000	a,Shilen's Garden\0	-1	-1	-1	-1	-1	-1	0.00000000	a,	0
227	245	18	20	30000.00000000	-30000.00000000	a,Forest of Sacrifice\0	-1	-1	-1	-1	-1	-1	0.00000000	a,	0
228	245	19	20	30000.00000000	-30000.00000000	a,Forest of Sacrifice\0	-1	-1	-1	-1	-1	-1	0.00000000	a,	0
229	244	19	21	30000.00000000	-30000.00000000	a,Evil Hunting Grounds\0	-1	-1	-1	-1	-1	-1	0.00000000	a,	0
230	244	20	21	30000.00000000	-30000.00000000	a,Evil Hunting Grounds\0	-1	-1	-1	-1	-1	-1	0.00000000	a,	0
231	244	22	19	30000.00000000	-30000.00000000	a,Timak Outpost\0	-1	-1	-1	-1	-1	-1	0.00000000	a,	0
232	244	22	20	30000.00000000	-30000.00000000	a,Timak Outpost\0	-1	-1	-1	-1	-1	-1	0.00000000	a,	0
233	245	22	17	30000.00000000	-30000.00000000	a,Outlaw Forest\0	-1	-1	-1	-1	-1	-1	0.00000000	a,	0
234	245	22	18	30000.00000000	-30000.00000000	a,Outlaw Forest\0	-1	-1	-1	-1	-1	-1	0.00000000	a,	0
235	245	23	17	30000.00000000	-30000.00000000	a,Outlaw Forest\0	-1	-1	-1	-1	-1	-1	0.00000000	a,	0
236	245	23	18	30000.00000000	-30000.00000000	a,Outlaw Forest\0	-1	-1	-1	-1	-1	-1	0.00000000	a,	0
237	253	23	20	30000.00000000	-30000.00000000	a,Hunters Valley\0	-1	-1	-1	-1	-1	-1	0.00000000	a,	0
238	244	22	18	30000.00000000	-30000.00000000	a,Forest of Evil\0	-1	-1	-1	-1	-1	-1	0.00000000	a,	0
239	253	22	18	30000.00000000	-30000.00000000	a,Ivory Tower Crater\0	-1	-1	-1	-1	-1	-1	0.00000000	a,	0
240	255	22	18	-4633.00000000	-30000.00000000	a,Ivory Tower Crater\0	-1	-1	-1	-1	-1	-1	0.00000000	a,	0
241	244	20	23	30000.00000000	-30000.00000000	a,Plains of Dion\0	-1	-1	-1	-1	-1	-1	0.00000000	a,	0
242	245	20	22	30000.00000000	-30000.00000000	a,Floran Agricultural Area\0	-1	-1	-1	-1	-1	-1	0.00000000	a,	0
243	245	20	23	30000.00000000	-30000.00000000	a,Floran Agricultural Area\0	-1	-1	-1	-1	-1	-1	0.00000000	a,	0
244	243	20	22	30000.00000000	-30000.00000000	a,Dion Hills\0	-1	-1	-1	-1	-1	-1	0.00000000	a,	0
245	243	21	22	30000.00000000	-30000.00000000	a,Dion Hills\0	-1	-1	-1	-1	-1	-1	0.00000000	a,	0
246	245	19	22	30000.00000000	-30000.00000000	a,Windawood Manor\0	-1	-1	-1	-1	-1	-1	0.00000000	a,	0
247	245	19	23	30000.00000000	-30000.00000000	a,Windawood Manor\0	-1	-1	-1	-1	-1	-1	0.00000000	a,	0
248	245	19	24	30000.00000000	-30000.00000000	a,Ol Mahum Checkpoint\0	-1	-1	-1	-1	-1	-1	0.00000000	a,	0
249	245	17	20	30000.00000000	-30000.00000000	a,Fellmere Harvesting Grounds\0	-1	-1	-1	-1	-1	-1	0.00000000	a,	0
250	245	17	21	30000.00000000	-30000.00000000	a,Fellmere Harvesting Grounds\0	-1	-1	-1	-1	-1	-1	0.00000000	a,	0
251	245	18	21	30000.00000000	-30000.00000000	a,Fellmere Harvesting Grounds\0	-1	-1	-1	-1	-1	-1	0.00000000	a,	0
252	251	18	21	30000.00000000	-30000.00000000	a,The Ruined Bend\0	-1	-1	-1	-1	-1	-1	0.00000000	a,	0
253	251	18	22	30000.00000000	-30000.00000000	a,The Ruined Bend\0	-1	-1	-1	-1	-1	-1	0.00000000	a,	0
254	251	19	22	30000.00000000	-30000.00000000	a,The Ruined Bend\0	-1	-1	-1	-1	-1	-1	0.00000000	a,	0
255	244	17	22	30000.00000000	-30000.00000000	a,Windmill Hill\0	-1	-1	-1	-1	-1	-1	0.00000000	a,	0
256	244	17	23	30000.00000000	-30000.00000000	a,Windmill Hill\0	-1	-1	-1	-1	-1	-1	0.00000000	a,	0
257	244	18	22	30000.00000000	-30000.00000000	a,Windmill Hill\0	-1	-1	-1	-1	-1	-1	0.00000000	a,	0
258	244	18	23	30000.00000000	-30000.00000000	a,Windmill Hill\0	-1	-1	-1	-1	-1	-1	0.00000000	a,	0
259	244	16	24	30000.00000000	-30000.00000000	a,Talking Island, Northern Territory\0	-1	-1	-1	-1	-1	-1	0.00000000	a,	0
260	244	16	25	30000.00000000	-30000.00000000	a,Talking Island, Northern Territory\0	-1	-1	-1	-1	-1	-1	0.00000000	a,	0
261	244	16	26	30000.00000000	-30000.00000000	a,Talking Island, Northern Territory\0	-1	-1	-1	-1	-1	-1	0.00000000	a,	0
262	245	17	24	30000.00000000	-30000.00000000	a,Talking Island, Eastern Territory\0	-1	-1	-1	-1	-1	-1	0.00000000	a,	0
263	245	17	25	30000.00000000	-30000.00000000	a,Talking Island, Eastern Territory\0	-1	-1	-1	-1	-1	-1	0.00000000	a,	0
264	245	17	26	30000.00000000	-30000.00000000	a,Talking Island, Eastern Territory\0	-1	-1	-1	-1	-1	-1	0.00000000	a,	0
265	245	18	25	30000.00000000	-30000.00000000	a,Talking Island, Eastern Territory\0	-1	-1	-1	-1	-1	-1	0.00000000	a,	0
266	245	18	26	30000.00000000	-30000.00000000	a,Talking Island, Eastern Territory\0	-1	-1	-1	-1	-1	-1	0.00000000	a,	0
267	251	20	23	30000.00000000	-30000.00000000	a,Dion Arena\0	-1	-1	-1	-1	-1	-1	0.00000000	a,	0
268	16	0	0	30000.00000000	-30000.00000000	a,Goddard Territory\0	-1	-1	-1	-1	-1	-1	0.00000000	a,	0
269	255	24	16	30000.00000000	-30000.00000000	a,Town of Goddard\0	1565	1038	140256	-64320	1024	1024	0.05000000	a,map_godard_castle_town\0	0
270	254	24	16	30000.00000000	-30000.00000000	a,Goddard Castle\0	-1	-1	-1	-1	-1	-1	0.00000000	a,	0
271	253	24	16	30000.00000000	-30000.00000000	a,Garden of Beasts\0	-1	-1	-1	-1	-1	-1	0.00000000	a,	0
272	255	24	14	30000.00000000	-30000.00000000	a,Hot Springs\0	-1	-1	-1	-1	-1	-1	0.00000000	a,	0
273	254	25	14	-1910.00000000	-4268.00000000	a,Forge of the Gods, Upper Level\0	-1	-1	-1	-1	-1	-1	0.00000000	a,	0
274	254	25	14	-4270.00000000	-300000.00000000	a,Forge of the Gods, Lower Level\0	-1	-1	-1	-1	-1	-1	0.00000000	a,	0
275	254	25	14	30000.00000000	-1900.00000000	a,Hall of Flames\0	-1	-1	-1	-1	-1	-1	0.00000000	a,	0
276	254	26	14	30000.00000000	-30000.00000000	a,Valakas' Lair\0	-1	-1	-1	-1	-1	-1	0.00000000	a,	0
277	255	24	15	30000.00000000	-30000.00000000	a,Ketra Orc Outpost\0	-1	-1	-1	-1	-1	-1	0.00000000	a,	0
278	255	25	15	30000.00000000	-30000.00000000	a,Imperial Tomb\0	-1	-1	-1	-1	-1	-1	0.00000000	a,	0
279	247	25	15	30000.00000000	-4400.00000000	a,Imperial Tomb\0	-1	-1	-1	-1	-1	-1	0.00000000	a,	0
280	254	25	15	30000.00000000	-30000.00000000	a,Pilgrim's Temple\0	-1	-1	-1	-1	-1	-1	0.00000000	a,	0
281	252	25	15	30000.00000000	-30000.00000000	a,Sepulcher of Conquerors\0	-1	-1	-1	-1	-1	-1	0.00000000	a,	0
282	251	25	15	30000.00000000	-30000.00000000	a,Sepulcher of Rulers\0	-1	-1	-1	-1	-1	-1	0.00000000	a,	0
283	249	25	15	-5600.00000000	-30000.00000000	a,Sepulcher of Great Sages\0	-1	-1	-1	-1	-1	-1	0.00000000	a,	0
284	250	25	15	-5600.00000000	-30000.00000000	a,Sepulcher of Judges\0	-1	-1	-1	-1	-1	-1	0.00000000	a,	0
285	247	25	15	-5600.00000000	-30000.00000000	a,Sepulcher of Judges\0	-1	-1	-1	-1	-1	-1	0.00000000	a,	0
286	253	25	15	30000.00000000	-30000.00000000	a,Four Sepulchers\0	-1	-1	-1	-1	-1	-1	0.00000000	a,	0
287	255	25	16	30000.00000000	-30000.00000000	a,Wall of Argos\0	-1	-1	-1	-1	-1	-1	0.00000000	a,	0
288	254	25	16	30000.00000000	-30000.00000000	a,Shrine of Loyalty\0	-1	-1	-1	-1	-1	-1	0.00000000	a,	0
289	255	23	16	30000.00000000	-30000.00000000	a,Varka Silenos Barracks\0	-1	-1	-1	-1	-1	-1	0.00000000	a,	0
290	17	0	0	30000.00000000	-30000.00000000	a,Rune Territory\0	-1	-1	-1	-1	-1	-1	0.00000000	a,	0
291	254	21	16	30000.00000000	-30000.00000000	a,Rune Township\0	1016	1062	29760	-55808	1024	1024	0.05000000	a,map_rune_village\0	0
292	253	21	16	30000.00000000	-30000.00000000	a,Rune Harbor\0	-1	-1	-1	-1	-1	-1	0.00000000	a,	0
293	253	21	15	30000.00000000	-30000.00000000	a,Windtail Waterfall\0	-1	-1	-1	-1	-1	-1	0.00000000	a,	0
294	255	21	15	30000.00000000	-30000.00000000	a,Beast Farm\0	-1	-1	-1	-1	-1	-1	0.00000000	a,	0
295	254	22	15	30000.00000000	-30000.00000000	a,Valley of Saints\0	-1	-1	-1	-1	-1	-1	0.00000000	a,	0
296	254	21	15	30000.00000000	-30000.00000000	a,Valley of Saints\0	-1	-1	-1	-1	-1	-1	0.00000000	a,	0
297	254	23	15	30000.00000000	-30000.00000000	a,Valley of Saints\0	-1	-1	-1	-1	-1	-1	0.00000000	a,	0
298	255	21	16	30000.00000000	-30000.00000000	a,Forest of the Dead\0	-1	-1	-1	-1	-1	-1	0.00000000	a,	0
299	253	22	16	30000.00000000	-3490.00000000	a,Swamp of Screams\0	-1	-1	-1	-1	-1	-1	0.00000000	a,	0
300	253	22	15	30000.00000000	-3490.00000000	a,Swamp of Screams\0	-1	-1	-1	-1	-1	-1	0.00000000	a,	0
301	253	23	16	30000.00000000	-3490.00000000	a,Swamp of Screams\0	-1	-1	-1	-1	-1	-1	0.00000000	a,	0
302	252	23	16	30000.00000000	-30000.00000000	a,Devil's Pass\0	-1	-1	-1	-1	-1	-1	0.00000000	a,	0
303	249	16	12	30000.00000000	-30000.00000000	a,Dimensional Rift\0	-1	-1	-1	-1	-1	-1	0.00000000	a,	0
304	255	25	14	30000.00000000	-30000.00000000	a,Forge of the Gods, Upper Level\0	-1	-1	-1	-1	-1	-1	0.00000000	a,	0
305	255	25	20	30000.00000000	-30000.00000000	a,The Forest of Mirrors\0	-1	-1	-1	-1	-1	-1	0.00000000	a,	0
306	253	19	23	-3700.00000000	-30000.00000000	a,Ant Incubator\0	-1	-1	-1	-1	-1	-1	0.00000000	a,	0
307	253	19	23	30000.00000000	-4400.00000000	a,Wasteland\0	-1	-1	-1	-1	-1	-1	0.00000000	a,	0
308	251	21	21	30000.00000000	-30000.00000000	a,Death Pass\0	-1	-1	-1	-1	-1	-1	0.00000000	a,	0
309	251	23	21	30000.00000000	-30000.00000000	a,Death Pass\0	-1	-1	-1	-1	-1	-1	0.00000000	a,	0
310	252	21	16	30000.00000000	-30000.00000000	a,Cursed Village\0	-1	-1	-1	-1	-1	-1	0.00000000	a,	0
311	18	0	0	30000.00000000	-30000.00000000	a,Olympiad Stadium\0	-1	-1	-1	-1	-1	-1	0.00000000	a,	0
312	254	23	16	30000.00000000	-30000.00000000	a,Varka Silenos Village\0	-1	-1	-1	-1	-1	-1	0.00000000	a,	0
313	253	24	15	30000.00000000	-30000.00000000	a,Ketra Orc Village\0	-1	-1	-1	-1	-1	-1	0.00000000	a,	0
314	254	23	21	30000.00000000	-30000.00000000	a,Hardin's Academy\0	-1	-1	-1	-1	-1	-1	0.00000000	a,	0
315	249	20	16	30000.00000000	-1300.00000000	a,Rune Castle\0	-1	-1	-1	-1	-1	-1	0.00000000	a,	0
316	246	19	16	-5600.00000000	-30000.00000000	a,The Pagan Temple\0	-1	-1	-1	-1	-1	-1	0.00000000	a,	0
317	253	22	16	-3500.00000000	-30000.00000000	a,Stakato Nest\0	-1	-1	-1	-1	-1	-1	0.00000000	a,	0
318	246	22	16	30000.00000000	-30000.00000000	a,Stakato Nest\0	-1	-1	-1	-1	-1	-1	0.00000000	a,	0
321	244	25	15	-4500.00000000	-5500.00000000	a,The Last Imperial Tomb\0	-1	-1	-1	-1	-1	-1	0.00000000	a,	0
322	254	24	14	30000.00000000	-30000.00000000	a,Rainbow Springs Chateau\0	-1	-1	-1	-1	-1	-1	0.00000000	a,	0
323	222	21	15	30000.00000000	-30000.00000000	a,Wild Beast Reserve\0	-1	-1	-1	-1	-1	-1	0.00000000	a,	0
324	235	21	17	30000.00000000	-30000.00000000	a,Fortress of the Dead\0	-1	-1	-1	-1	-1	-1	0.00000000	a,	0
325	239	22	13	30000.00000000	-30000.00000000	a,Schuttgart Castle\0	-1	-1	-1	-1	-1	-1	0.00000000	a,	0
326	210	22	13	30000.00000000	-30000.00000000	a,Town of Schuttgart\0	1268	605	77344	-147392	1024	1024	0.05000000	a,map_town_of_schuttgart\0	0
327	235	21	14	30000.00000000	-30000.00000000	a,Valley of the Lords\0	-1	-1	-1	-1	-1	-1	0.00000000	a,	0
328	249	23	12	30000.00000000	-30000.00000000	a,Mining Zone Passage\0	-1	-1	-1	-1	-1	-1	0.00000000	a,	0
329	207	23	13	30000.00000000	-30000.00000000	a,Plunderous Plains\0	-1	-1	-1	-1	-1	-1	0.00000000	a,	0
330	244	23	14	30000.00000000	-30000.00000000	a,Frozen Labyrinth\0	-1	-1	-1	-1	-1	-1	0.00000000	a,	0
331	247	23	14	30000.00000000	-30000.00000000	a,Freya's Garden\0	-1	-1	-1	-1	-1	-1	0.00000000	a,	0
332	253	22	14	30000.00000000	-30000.00000000	a,Pavel Ruins\0	-1	-1	-1	-1	-1	-1	0.00000000	a,	0
333	231	22	14	30000.00000000	-30000.00000000	a,Caron's Dungeon\0	-1	-1	-1	-1	-1	-1	0.00000000	a,	0
334	218	22	14	30000.00000000	-30000.00000000	a,Den of Evil\0	-1	-1	-1	-1	-1	-1	0.00000000	a,	0
335	251	21	14	30000.00000000	-30000.00000000	a,Crypts of Disgrace\0	-1	-1	-1	-1	-1	-1	0.00000000	a,	0
336	209	22	14	30000.00000000	-30000.00000000	a,Archaic Laboratory\0	-1	-1	-1	-1	-1	-1	0.00000000	a,	0
337	249	23	14	30000.00000000	-30000.00000000	a,Frost Lake\0	-1	-1	-1	-1	-1	-1	0.00000000	a,	0
338	214	23	13	30000.00000000	-30000.00000000	a,Sky Wagon Relic\0	-1	-1	-1	-1	-1	-1	0.00000000	a,	0
339	247	25	15	-4500.00000000	-5500.00000000	a,The Last Imperial Tomb\0	-1	-1	-1	-1	-1	-1	0.00000000	a,	0
340	244	25	15	-5600.00000000	-30000.00000000	a,Sepulcher of Great Sages\0	-1	-1	-1	-1	-1	-1	0.00000000	a,	0
341	250	25	15	-4500.00000000	-5500.00000000	a,The Last Imperial Tomb\0	-1	-1	-1	-1	-1	-1	0.00000000	a,	0
342	247	21	14	30000.00000000	-30000.00000000	a,Grave Robber Hideout\0	-1	-1	-1	-1	-1	-1	0.00000000	a,	0
343	247	23	13	30000.00000000	-30000.00000000	a,Railroad Station\0	-1	-1	-1	-1	-1	-1	0.00000000	a,	0
345	207	23	12	30000.00000000	-30000.00000000	a,Plunderous Plains\0	-1	-1	-1	-1	-1	-1	0.00000000	a,	0
346	255	20	14	29998.00000000	-3900.00000000	a,Schuttgart Territory\0	-1	-1	-1	-1	-1	-1	0.00000000	a,	0
347	252	23	14	30000.00000000	-30000.00000000	a,Ice Merchant Cabin\0	-1	-1	-1	-1	-1	-1	0.00000000	a,	0
348	240	23	13	30000.00000000	-30000.00000000	a,Brigand Stronghold\0	-1	-1	-1	-1	-1	-1	0.00000000	a,	0
349	250	21	21	30000.00000000	-30000.00000000	a,Fortress of Resistance\0	-1	-1	-1	-1	-1	-1	0.00000000	a,	0
350	247	23	17	30000.00000000	-30000.00000000	a,Western Border Outpost\0	-1	-1	-1	-1	-1	-1	0.00000000	a,	0
351	19	0	0	30000.00000000	-30000.00000000	a,The Immortal Plateau\0	-1	-1	-1	-1	-1	-1	0.00000000	a,	0
352	20	0	0	30000.00000000	-30000.00000000	a,Spine Mountains\0	-1	-1	-1	-1	-1	-1	0.00000000	a,	0
353	251	24	17	30000.00000000	-30000.00000000	a,Eastern Border Outpost\0	-1	-1	-1	-1	-1	-1	0.00000000	a,	0
354	253	22	20	30000.00000000	-30000.00000000	a,Sel Mahum Training Grounds\0	-1	-1	-1	-1	-1	-1	0.00000000	a,	0
355	242	20	17	30000.00000000	-30000.00000000	a,Primeval Plains\0	-1	-1	-1	-1	-1	-1	0.00000000	a,	0
356	253	20	17	30000.00000000	-30000.00000000	a,Lost Nest\0	-1	-1	-1	-1	-1	-1	0.00000000	a,	0
357	254	20	17	30000.00000000	-30000.00000000	a,Primeval Isle\0	-1	-1	-1	-1	-1	-1	0.00000000	a,	0
358	251	18	10	-5000.00000000	-30000.00000000	a,Catacomb of the Heretic\0	-1	-1	-1	-1	-1	-1	0.00000000	a,	0
359	251	19	10	-5000.00000000	-30000.00000000	a,Catacomb of the Apostate\0	-1	-1	-1	-1	-1	-1	0.00000000	a,	0
360	251	20	10	-5000.00000000	-30000.00000000	a,Catacomb of the Forbidden Path\0	-1	-1	-1	-1	-1	-1	0.00000000	a,	0
361	246	20	17	30000.00000000	-30000.00000000	a,Primeval Isle Wharf\0	-1	-1	-1	-1	-1	-1	0.00000000	a,	0
362	250	20	17	30000.00000000	-30000.00000000	a,Sailren's Den\0	-1	-1	-1	-1	-1	-1	0.00000000	a,	0
364	21	20	25	30000.00000000	-30000.00000000	a,Hellbound\0	1976	2620	-35600	217400	1024	1024	0.01440000	a,map_hellbound\0	0
365	255	20	25	30000.00000000	-30000.00000000	a,Steel Citadel\0	1976	2620	-35600	217400	1024	1024	0.01440000	a,map_hellbound\0	0
366	255	20	26	-5870.00000000	-10600.00000000	a,Steel Citadel\0	1976	2620	-35600	217400	1024	1024	0.01440000	a,map_hellbound\0	0
367	254	19	25	30000.00000000	-30000.00000000	a,Enchanted Megaliths\0	1976	2620	-35600	217400	1024	1024	0.01440000	a,map_hellbound\0	0
368	253	19	25	30000.00000000	-30000.00000000	a,Hidden Oasis\0	1976	2620	-35600	217400	1024	1024	0.01440000	a,map_hellbound\0	0
369	252	19	25	30000.00000000	-30000.00000000	a,Ancient Temple Remnants\0	1976	2620	-35600	217400	1024	1024	0.01440000	a,map_hellbound\0	0
370	251	19	25	30000.00000000	-30000.00000000	a,Sand Swept Dunes\0	1976	2620	-35600	217400	1024	1024	0.01440000	a,map_hellbound\0	0
371	250	19	25	30000.00000000	-30000.00000000	a,Caravan Encampment\0	1976	2620	-35600	217400	1024	1024	0.01440000	a,map_hellbound\0	0
372	249	19	25	30000.00000000	-30000.00000000	a,Hellbound Quarry\0	1976	2620	-35600	217400	1024	1024	0.01440000	a,map_hellbound\0	0
373	242	20	25	30000.00000000	-30000.00000000	a,Battered Lands\0	1976	2620	-35600	217400	1024	1024	0.01440000	a,map_hellbound\0	0
374	247	20	25	30000.00000000	-30000.00000000	a,Steel Citadel Outpost\0	1976	2620	-35600	217400	1024	1024	0.01440000	a,map_hellbound\0	0
375	246	20	25	30000.00000000	-30000.00000000	a,Anomic Foundry\0	1976	2620	-35600	217400	1024	1024	0.01440000	a,map_hellbound\0	0
376	245	20	25	30000.00000000	9500.00000000	a,Tower of Infinitum\0	1976	2620	-35600	217400	1024	1024	0.01440000	a,map_hellbound\0	0
377	244	20	25	30000.00000000	9500.00000000	a,Tully's Workshop\0	1976	2620	-35600	217400	1024	1024	0.01440000	a,map_hellbound\0	0
378	243	20	25	30000.00000000	9500.00000000	a,Tower of Naia\0	1976	2620	-35600	217400	1024	1024	0.01440000	a,map_hellbound\0	0
379	255	20	25	9500.00000000	-30000.00000000	a,Steel Citadel\0	1976	2620	-35600	217400	1024	1024	0.01440000	a,map_hellbound\0	0
380	255	20	25	9500.00000000	-30000.00000000	a,Steel Citadel\0	1976	2620	-35600	217400	1024	1024	0.01440000	a,map_hellbound\0	0
381	255	20	25	9500.00000000	-30000.00000000	a,Steel Citadel\0	1976	2620	-35600	217400	1024	1024	0.01440000	a,map_hellbound\0	0
383	22	23	22	30000.00000000	-30000.00000000	a,Isle of Prayer\0	-1	-1	-1	-1	-1	-1	0.00000000	a,	0
384	255	24	22	-11000.00000000	-13000.00000000	a,Crystal Caverns\0	-1	-1	-1	-1	-1	-1	0.00000000	a,	0
385	255	24	22	30000.00000000	-11000.00000000	a,Isle of Prayer\0	-1	-1	-1	-1	-1	-1	0.00000000	a,	0
386	254	24	22	30000.00000000	-5000.00000000	a,Chromatic Highlands\0	-1	-1	-1	-1	-1	-1	0.00000000	a,	0
387	253	24	23	-5750.00000000	-6210.00000000	a,Dark Cloud Mansion\0	-1	-1	-1	-1	-1	-1	0.00000000	a,	0
388	253	24	23	30000.00000000	-5750.00000000	a,Isle of Prayer\0	-1	-1	-1	-1	-1	-1	0.00000000	a,	0
389	252	24	23	30000.00000000	-5000.00000000	a,Coral Reef\0	-1	-1	-1	-1	-1	-1	0.00000000	a,	0
390	251	24	23	30000.00000000	-1015.00000000	a,Parnassus\0	-1	-1	-1	-1	-1	-1	0.00000000	a,	0
391	251	24	23	-1015.00000000	-30000.00000000	a,Isle of Prayer\0	-1	-1	-1	-1	-1	-1	0.00000000	a,	0
392	253	24	22	-5000.00000000	-16000.00000000	a,Coral Garden\0	-1	-1	-1	-1	-1	-1	0.00000000	a,	0
393	253	24	22	30000.00000000	-5000.00000000	a,Dark Cloud Mansion\0	-1	-1	-1	-1	-1	-1	0.00000000	a,	0
394	250	24	22	-9000.00000000	-16000.00000000	a,Emerald Square\0	-1	-1	-1	-1	-1	-1	0.00000000	a,	0
395	250	24	22	30000.00000000	-9000.00000000	a,Isle of Prayer\0	-1	-1	-1	-1	-1	-1	0.00000000	a,	0
396	249	24	22	-7400.00000000	-16000.00000000	a,Steam Corridor\0	-1	-1	-1	-1	-1	-1	0.00000000	a,	0
397	249	24	22	30000.00000000	-7400.00000000	a,Chromatic Highlands\0	-1	-1	-1	-1	-1	-1	0.00000000	a,	0
398	246	24	22	-11000.00000000	-16000.00000000	a,Coral Garden\0	-1	-1	-1	-1	-1	-1	0.00000000	a,	0
399	246	24	22	30000.00000000	-10000.00000000	a,Isle of Prayer\0	-1	-1	-1	-1	-1	-1	0.00000000	a,	0
400	245	24	22	-14500.00000000	-16000.00000000	a,Coral Garden\0	-1	-1	-1	-1	-1	-1	0.00000000	a,	0
401	245	24	22	-9000.00000000	-13000.00000000	a,Emerald Square\0	-1	-1	-1	-1	-1	-1	0.00000000	a,	0
402	245	24	22	30000.00000000	-8500.00000000	a,Isle of Prayer\0	-1	-1	-1	-1	-1	-1	0.00000000	a,	0
406	23	17	20	30000.00000000	-30000.00000000	a,Isle of Souls: Dystopia\0	-1	-1	-1	-1	-1	-1	0.00000000	a,	0
407	253	16	19	30000.00000000	-30000.00000000	a,Isle of Souls\0	-1	-1	-1	-1	-1	-1	0.00000000	a,	0
408	253	17	19	30000.00000000	-30000.00000000	a,Isle of Souls\0	-1	-1	-1	-1	-1	-1	0.00000000	a,	0
409	255	16	19	30000.00000000	-30000.00000000	a,Kamael Village\0	251	1522	-127366	35800	1024	1024	0.05300000	a,map_kamael_village\0	0
410	255	17	19	-3650.00000000	-5400.00000000	a,Nornil's Cave\0	406	1516	-94215	39750	1024	1024	0.04900000	a,dungeon_map_nornil_cave\0	0
411	255	17	19	30000.00000000	-3650.00000000	a,Mimir's Forest\0	-1	-1	-1	-1	-1	-1	0.00000000	a,	0
412	255	16	20	-6730.00000000	-15700.00000000	a,Nornil's Garden\0	405	1600	-124450	71670	1024	1024	0.05000000	a,dungeon_map_nornil_garden\0	0
413	255	16	20	30000.00000000	-6730.00000000	a,Hills of Gold\0	-1	-1	-1	-1	-1	-1	0.00000000	a,	0
414	254	16	19	3300.00000000	-430.00000000	a,Cave of Souls\0	-1	-1	-1	-1	-1	-1	0.00000000	a,	0
415	254	16	19	30000.00000000	3300.00000000	a,Isle of Souls\0	-1	-1	-1	-1	-1	-1	0.00000000	a,	0
416	254	16	19	-430.00000000	-30000.00000000	a,Isle of Souls\0	-1	-1	-1	-1	-1	-1	0.00000000	a,	0
417	252	16	19	30000.00000000	-30000.00000000	a,Mimir's Forest\0	-1	-1	-1	-1	-1	-1	0.00000000	a,	0
418	252	17	19	30000.00000000	-30000.00000000	a,Mimir's Forest\0	-1	-1	-1	-1	-1	-1	0.00000000	a,	0
419	251	16	19	30000.00000000	-30000.00000000	a,Hills of Gold\0	-1	-1	-1	-1	-1	-1	0.00000000	a,	0
420	251	16	20	30000.00000000	-30000.00000000	a,Hills of Gold\0	-1	-1	-1	-1	-1	-1	0.00000000	a,	0
421	251	17	19	30000.00000000	-30000.00000000	a,Hills of Gold\0	-1	-1	-1	-1	-1	-1	0.00000000	a,	0
422	205	18	22	30000.00000000	-30000.00000000	a,Camp Fortress\0	564	2111	-62336	143104	1024	1024	0.05000000	a,fortress_18_22\0	0
423	205	19	24	30000.00000000	-30000.00000000	a,Gludio Southern Fortress\0	717	2434	-31968	208608	1024	1024	0.05000000	a,fortress_19_24\0	0
424	205	20	23	30000.00000000	-30000.00000000	a,Hive Fortress\0	916	2252	10848	175968	1024	1024	0.05000000	a,fortress_20_23\0	0
425	205	23	21	30000.00000000	-30000.00000000	a,Valley Fortress\0	1457	1948	110432	110432	1024	1024	0.05000000	a,fortress_23_21\0	0
426	205	22	18	30000.00000000	-30000.00000000	a,Ivory Fortress\0	1207	1322	68864	480	1024	1024	0.05000000	a,fortress_22_18\0	0
427	205	24	19	30000.00000000	-30000.00000000	a,Narsell Fortress\0	1614	1594	143168	44864	1024	1024	0.05000000	a,fortress_24_19\0	0
428	205	25	19	30000.00000000	-30000.00000000	a,Bayou Fortress\0	1791	1513	175968	34720	1024	1024	0.05000000	a,fortress_25_19\0	0
429	205	23	24	30000.00000000	-30000.00000000	a,White Sands Fortress\0	1424	2343	110432	201024	1024	1024	0.05000000	a,fortress_23_24\0	0
430	205	24	15	30000.00000000	-30000.00000000	a,Borderland Fortress\0	1636	973	143168	-86208	1024	1024	0.05000000	a,fortress_24_15\0	0
431	205	22	16	30000.00000000	-30000.00000000	a,Swamp Fortress\0	1175	1015	65856	-65344	1024	1024	0.05000000	a,fortress_22_16\0	0
432	205	23	13	30000.00000000	-30000.00000000	a,Archaic Fortress\0	1371	621	102304	-151840	1024	1024	0.05000000	a,fortress_23_13\0	0
433	205	20	22	30000.00000000	-30000.00000000	a,Floran Fortress\0	841	2034	608	142944	1024	1024	0.05000000	a,fortress_20_22\0	0
434	205	18	20	30000.00000000	-30000.00000000	a,Cloud Mountain Fortress\0	559	1783	-63296	77184	1024	1024	0.05000000	a,fortress_18_20\0	0
435	205	21	22	30000.00000000	-30000.00000000	a,Tanor Fortress\0	1124	2028	44800	133408	1024	1024	0.05000000	a,fortress_21_22\0	0
436	205	20	20	30000.00000000	-30000.00000000	a,Dragonspine Fortress\0	924	1791	1408	77632	1024	1024	0.05000000	a,fortress_20_20\0	0
437	205	22	20	30000.00000000	-30000.00000000	a,Antharas' Fortress\0	1229	1785	69184	77088	1024	1024	0.05000000	a,fortress_22_20\0	0
438	205	23	17	30000.00000000	-1100.00000000	a,Western Fortress\0	1406	1172	103776	-20736	1024	1024	0.05000000	a,fortress_23_17\0	0
439	205	23	20	30000.00000000	-30000.00000000	a,Hunter's Fortress\0	1460	1803	110400	77536	1024	1024	0.05000000	a,fortress_23_20\0	0
440	205	22	23	30000.00000000	-30000.00000000	a,Aaru Fortress\0	1168	2253	65984	175008	1024	1024	0.05000000	a,fortress_22_23\0	0
441	205	23	16	30000.00000000	-30000.00000000	a,Demon Fortress\0	1329	1056	98624	-61920	1024	1024	0.05000000	a,fortress_23_16\0	0
442	205	22	15	30000.00000000	-30000.00000000	a,Monastic Fortress\0	1185	852	68032	-98112	1024	1024	0.05000000	a,fortress_22_15\0	0
443	240	20	16	-1300.00000000	-30000.00000000	a,Underground Camp\0	-1	-1	-1	-1	-1	-1	0.00000000	a,	0
444	205	23	17	-1100.00000000	-30000.00000000	a,Western Border Outpost\0	-1	-1	-1	-1	-1	-1	0.00000000	a,	0
445	250	16	20	30000.00000000	-6000.00000000	a,Stronghold I\0	-1	-1	-1	-1	-1	-1	0.00000000	a,	0
446	250	17	19	30000.00000000	-3000.00000000	a,Stronghold II\0	-1	-1	-1	-1	-1	-1	0.00000000	a,	0
447	249	17	19	30000.00000000	-3000.00000000	a,Stronghold III\0	-1	-1	-1	-1	-1	-1	0.00000000	a,	0
451	24	18	16	30000.00000000	-4500.00000000	a,Fantasy Isle\0	-1	-1	-1	-1	-1	-1	0.00000000	a,	0
452	255	17	16	-5500.00000000	-13800.00000000	a,Underground Coliseum\0	-1	-1	-1	-1	-1	-1	0.00000000	a,	0
453	255	19	26	-6500.00000000	-15500.00000000	a,Tully's Workshop\0	-1	-1	-1	-1	-1	-1	0.00000000	a,	0
454	254	19	26	-6500.00000000	-15500.00000000	a,Tully's Workshop\0	-1	-1	-1	-1	-1	-1	0.00000000	a,	0
455	253	19	26	-7500.00000000	-15500.00000000	a,Tower of Infinitum\0	-1	-1	-1	-1	-1	-1	0.00000000	a,	0
456	252	19	26	-8500.00000000	-13500.00000000	a,Tower of Infinitum\0	-1	-1	-1	-1	-1	-1	0.00000000	a,	0
457	255	18	25	-5000.00000000	-30000.00000000	a,Tower of Naia\0	-1	-1	-1	-1	-1	-1	0.00000000	a,	0
458	255	20	24	-5000.00000000	-12000.00000000	a,Tower of Naia\0	-1	-1	-1	-1	-1	-1	0.00000000	a,	0
459	254	21	25	-5500.00000000	-6800.00000000	a,Underground Camp\0	-1	-1	-1	-1	-1	-1	0.00000000	a,	0
460	255	17	11	-6500.00000000	-8500.00000000	a,Kamaloka (Hall of the Abyss)\0	-1	-1	-1	-1	-1	-1	0.00000000	a,	0
461	255	18	11	-6500.00000000	-8500.00000000	a,Kamaloka (Hall of the Abyss)\0	-1	-1	-1	-1	-1	-1	0.00000000	a,	0
462	255	19	11	-6500.00000000	-8500.00000000	a,Kamaloka (Hall of the Abyss)\0	-1	-1	-1	-1	-1	-1	0.00000000	a,	0
463	255	20	11	-6500.00000000	-8500.00000000	a,Rim Kamaloka (Hall of Nightmares)\0	-1	-1	-1	-1	-1	-1	0.00000000	a,	0
464	255	21	11	-7000.00000000	-9000.00000000	a,Rim Kamaloka (Hall of Nightmares)\0	-1	-1	-1	-1	-1	-1	0.00000000	a,	0
465	254	17	11	-6500.00000000	-8500.00000000	a,Near Kamaloka (Hall of the Abyss)\0	-1	-1	-1	-1	-1	-1	0.00000000	a,	0
466	254	18	11	-6500.00000000	-8500.00000000	a,Near Kamaloka (Hall of the Abyss)\0	-1	-1	-1	-1	-1	-1	0.00000000	a,	0
467	252	19	23	-4200.00000000	-5100.00000000	a,The Ant Nest\0	-1	-1	-1	-1	-1	-1	0.00000000	a,	0
468	255	17	12	30000.00000000	-30000.00000000	a,Kamaloka (Labyrinth of the Abyss)\0	-1	-1	-1	-1	-1	-1	0.00000000	a,	0
469	255	18	12	30000.00000000	-30000.00000000	a,Kamaloka (Labyrinth of the Abyss)\0	-1	-1	-1	-1	-1	-1	0.00000000	a,	0
470	255	19	12	30000.00000000	-30000.00000000	a,Kamaloka (Labyrinth of the Abyss)\0	-1	-1	-1	-1	-1	-1	0.00000000	a,	0
471	255	20	12	30000.00000000	-30000.00000000	a,Kamaloka (Labyrinth of the Abyss)\0	-1	-1	-1	-1	-1	-1	0.00000000	a,	0
472	255	22	11	30000.00000000	-30000.00000000	a,Devil's Isle\0	-1	-1	-1	-1	-1	-1	0.00000000	a,	0
473	254	22	11	30000.00000000	-30000.00000000	a,Pirate Tunnel\0	-1	-1	-1	-1	-1	-1	0.00000000	a,	0
474	254	17	15	-5000.00000000	-10000.00000000	a,Kratei's Cube\0	-1	-1	-1	-1	-1	-1	0.00000000	a,	0
475	254	17	17	-5000.00000000	-10000.00000000	a,Kratei's Cube\0	-1	-1	-1	-1	-1	-1	0.00000000	a,	0
476	254	18	15	-5000.00000000	-10000.00000000	a,Kratei's Cube\0	-1	-1	-1	-1	-1	-1	0.00000000	a,	0
477	27	0	0	30000.00000000	-30000.00000000	a,Seed of Destruction\0	-1	-1	-1	-1	-1	-1	0.00000000	a,	1
478	26	0	0	30000.00000000	-30000.00000000	a,Seed of Infinity\0	-1	-1	-1	-1	-1	-1	0.00000000	a,	1
479	255	12	24	-8000.00000000	-15000.00000000	a,Jinryong's Throne\0	-1	-1	-1	-1	-1	-1	0.00000000	a,	1
480	254	12	24	-8000.00000000	-15000.00000000	a,Fortress of Destruction\0	-1	-1	-1	-1	-1	-1	0.00000000	a,	1
481	253	12	24	-8000.00000000	-15000.00000000	a,Scouting Pass\0	-1	-1	-1	-1	-1	-1	0.00000000	a,	1
482	252	12	24	-8000.00000000	-15000.00000000	a,Central Square\0	-1	-1	-1	-1	-1	-1	0.00000000	a,	1
483	251	12	24	-8000.00000000	-15000.00000000	a,Entrance of Destruction\0	-1	-1	-1	-1	-1	-1	0.00000000	a,	1
484	255	14	24	-10600.00000000	-13100.00000000	a,Death Gate\0	-1	-1	-1	-1	-1	-1	0.00000000	a,	1
485	254	14	24	-7000.00000000	-10600.00000000	a,Hall of Suffering\0	-1	-1	-1	-1	-1	-1	0.00000000	a,	1
486	254	14	24	-10600.00000000	-13100.00000000	a,Hall of Erosion\0	-1	-1	-1	-1	-1	-1	0.00000000	a,	1
487	254	14	24	-13100.00000000	-16500.00000000	a,Heart of Infinity\0	-1	-1	-1	-1	-1	-1	0.00000000	a,	1
488	255	15	25	30000.00000000	-30000.00000000	a,Warf of Gludio Airships\0	93	2574	-159904	241632	1024	1024	0.05000000	a,map_airship_harbor_gludio\0	0
489	255	14	25	30000.00000000	-30000.00000000	a,Keucereus Alliance Base\0	725	2483	-195008	232576	1024	1024	0.05000000	a,map_union_base_of_kserth\0	1
490	255	13	25	30000.00000000	-30000.00000000	a,Aerial Cleft\0	579	2543	-226016	232640	1024	1024	0.04200000	a,map_cleft\0	1
491	255	21	17	-8000.00000000	-9450.00000000	a,Rim Pailaka (Rune)\0	-1	-1	-1	-1	-1	-1	0.00000000	a,	0
492	255	99	99	30000.00000000	-30000.00000000	a,Border\0	-1	-1	-1	-1	-1	-1	0.00000000	a,	0
493	240	20	16	30000.00000000	-1300.00000000	a,Rune Castle\0	-1	-1	-1	-1	-1	-1	0.00000000	a,	0
494	255	16	11	30000.00000000	-30000.00000000	a,Delusion Chamber\0	-1	-1	-1	-1	-1	-1	0.00000000	a,	0
495	255	16	13	30000.00000000	-30000.00000000	a,Delusion Chamber\0	-1	-1	-1	-1	-1	-1	0.00000000	a,	0
496	255	17	24	30000.00000000	-30000.00000000	a,Sanctum of the Lords of Dawn\0	-1	-1	-1	-1	-1	-1	0.00000000	a,	0
497	254	17	24	30000.00000000	-30000.00000000	a,Disciple's Necropolis (past)\0	-1	-1	-1	-1	-1	-1	0.00000000	a,	0
500	28	14	23	30000.00000000	-30000.00000000	a,Seed of Annihilation\0	-1	-1	-1	-1	-1	-1	0.00000000	a,	1
501	246	23	15	-2700.00000000	-4000.00000000	a,Monastery of Silence\0	-1	-1	104192	-92416	1024	1024	0.05000000	a,dungeon_map_silence1\0	0
502	246	23	15	-90.00000000	-2690.00000000	a,Monastery of Silence\0	-1	-1	102912	-89088	1024	1024	0.05000000	a,dungeon_map_silence2\0	0
503	246	23	15	2000.00000000	-50.00000000	a,Monastery of Silence\0	-1	-1	102912	-89088	1024	1024	0.05000000	a,dungeon_map_silence3\0	0
504	250	21	10	-5200.00000000	-7410.00000000	a,Monastery of Silence\0	-1	-1	40960	-253952	1024	1024	0.05000000	a,dungeon_map_21_10\0	0
505	254	21	10	-5200.00000000	-7800.00000000	a,Monastery of Silence\0	-1	-1	-1	-1	-1	-1	0.00000000	a,	0
506	251	22	10	-7150.00000000	-8900.00000000	a,Monastery of Silence\0	-1	-1	-1	-1	-1	-1	0.00000000	a,	0
507	253	22	10	-9350.00000000	-9750.00000000	a,Beast Farm\0	-1	-1	-1	-1	-1	-1	0.00000000	a,	0
508	249	21	16	-800.00000000	-1280.00000000	a,Rune Township\0	-1	-1	-1	-1	-1	-1	0.00000000	a,	0
509	248	22	21	30000.00000000	-30000.00000000	a,Watcher's Tomb\0	-1	-1	-1	-1	-1	-1	0.00000000	a,	0
